3.409853670746088028e-03
1.179639133624732494e-03
1.123969443142414093e-03
9.893794776871800423e-04
8.966673049144446850e-04
8.796337060630321503e-04
8.632083190605044365e-04
8.487114100717008114e-04
8.455648785457015038e-04
8.426356944255530834e-04
8.401555824093520641e-04
8.361782529391348362e-04
8.321636123582720757e-04
8.274980937130749226e-04
8.247189689427614212e-04
8.238353766500949860e-04
8.231276297010481358e-04
8.224890334531664848e-04
8.218470611609518528e-04
8.210031082853674889e-04
8.202411117963492870e-04
8.197306888177990913e-04
8.196304552257061005e-04
8.195323753170669079e-04
8.194341207854449749e-04
8.193395333364605904e-04
8.192385430447757244e-04
8.191213710233569145e-04
8.190437802113592625e-04
8.190317312255501747e-04
8.190198568627238274e-04
8.190062362700700760e-04
8.189931395463645458e-04
8.189785876311361790e-04
8.189651998691260815e-04
8.189558284357190132e-04
8.189543732441961765e-04
8.189528016373515129e-04
8.189513464458286762e-04
8.189496002160012722e-04
8.189479121938347816e-04
8.189461077563464642e-04
8.189448271878063679e-04
8.189449436031281948e-04
8.189450018107891083e-04
8.189448271878063679e-04
8.189448271878063679e-04
8.189451182261109352e-04
8.189449436031281948e-04
8.189448853954672813e-04
