1.281641074456274509e-03
4.353313997853547335e-04
3.213574527762830257e-04
2.633028489071875811e-04
2.423386467853561044e-04
2.198284200858324766e-04
2.149604551959782839e-04
1.974121842067688704e-04
1.959700457518920302e-04
1.947740674950182438e-04
1.935787877300754189e-04
1.923762611113488674e-04
1.911762374220415950e-04
1.899362832773476839e-04
1.892177388072013855e-04
1.890835847007110715e-04
1.889470295282080770e-04
1.888016267912462354e-04
1.886497630039229989e-04
1.884922821773216128e-04
1.883247314253821969e-04
1.882249925984069705e-04
1.882061187643557787e-04
1.881866774056106806e-04
1.881665375549346209e-04
1.881450880318880081e-04
1.881228236015886068e-04
1.880991621874272823e-04
1.880850322777405381e-04
1.880825147964060307e-04
1.880799536593258381e-04
1.880772178992629051e-04
1.880743802757933736e-04
1.880714989965781569e-04
1.880682975752279162e-04
1.880664349300786853e-04
1.880662166513502598e-04
1.880660129245370626e-04
1.880658819573000073e-04
1.880656054709106684e-04
1.880652998806908727e-04
1.880650379462167621e-04
1.880648487713187933e-04
1.880648778751492500e-04
1.880648778751492500e-04
1.880649215308949351e-04
1.880648633232340217e-04
1.880648342194035649e-04
1.880648633232340217e-04
1.880648196674883366e-04
